ID,AAC_A,AAC_C,AAC_D,AAC_E,AAC_F,AAC_G,AAC_H,AAC_I,AAC_K,AAC_L,AAC_M,AAC_N,AAC_P,AAC_Q,AAC_R,AAC_S,AAC_T,AAC_V,AAC_W,AAC_Y
Seq_1,10.20,1.36,3.40,8.84,4.08,7.48,3.40,3.40,5.44,8.84,1.36,2.04,5.44,0.00,3.40,8.84,8.16,9.52,1.36,3.40
Seq_2,3.05,2.29,6.11,6.87,9.16,7.63,3.82,6.11,9.16,7.63,3.05,6.87,2.29,2.29,3.05,8.40,2.29,6.11,1.53,2.29
Seq_3,9.38,0.62,3.12,3.12,6.25,6.88,1.25,5.00,4.38,16.88,3.12,4.38,10.62,1.25,2.50,3.12,5.62,7.50,1.88,3.12
Seq_4,2.22,1.11,6.67,5.56,5.56,5.56,3.33,3.33,15.56,20.00,1.11,3.33,4.44,3.33,2.22,3.33,4.44,5.56,0.00,3.33
Seq_5,15.98,0.00,10.31,1.55,2.58,4.12,1.55,5.67,6.19,12.89,1.03,2.58,2.06,5.67,0.52,10.82,10.31,6.19,0.00,0.00
Seq_6,7.61,1.10,4.60,4.80,4.10,6.61,2.10,2.80,3.70,11.21,2.00,4.80,6.01,5.11,7.41,7.01,5.61,7.21,2.50,3.70
Seq_7,6.03,0.97,6.03,7.59,5.06,8.56,2.72,6.03,7.39,9.73,1.17,5.45,4.67,2.72,3.50,6.42,5.45,6.42,1.17,2.92
Seq_8,8.75,2.02,10.10,4.71,5.05,8.75,2.69,4.71,5.72,9.09,1.68,2.36,4.38,2.69,5.39,5.05,5.39,9.43,0.34,1.68
Seq_9,12.57,0.80,5.08,7.75,3.48,8.82,2.14,7.22,4.55,8.82,2.14,3.48,5.08,3.21,5.35,4.81,3.21,7.49,0.27,3.74
Seq_10,7.04,0.75,5.53,3.02,5.53,6.03,3.77,5.78,4.52,10.80,3.52,6.78,5.53,2.76,2.76,6.28,6.28,5.78,2.51,5.03
Seq_11,3.25,0.81,2.44,8.94,2.85,4.47,3.25,8.54,13.01,9.76,1.63,7.72,5.28,3.25,2.03,6.50,4.47,6.10,2.03,3.66
Seq_12,11.40,1.55,6.91,5.35,3.28,9.67,2.42,4.66,4.32,6.74,4.84,4.32,4.15,3.63,4.32,5.35,4.15,5.70,1.55,5.70
Seq_13,10.14,0.69,4.84,7.83,4.61,7.83,0.92,7.60,6.68,6.68,3.23,3.69,7.60,5.07,0.92,2.76,6.22,5.30,2.30,5.07
Seq_14,7.30,1.62,6.49,5.41,3.78,6.22,2.97,8.65,9.19,7.30,1.89,5.95,2.97,4.32,3.24,7.03,5.68,7.84,0.54,1.62
Seq_15,6.49,0.42,6.28,2.93,3.14,7.74,1.67,4.81,8.16,9.21,0.84,7.95,6.69,4.18,2.51,6.28,7.32,6.69,1.26,5.44
Seq_16,4.80,0.80,7.20,1.60,6.40,8.80,0.00,7.20,4.00,10.40,1.60,6.40,5.60,8.00,0.80,3.20,11.20,10.40,0.00,1.60
Seq_17,7.27,0.00,5.00,5.91,3.64,12.27,2.27,4.55,12.27,2.73,2.73,5.00,3.64,4.09,4.55,4.55,4.55,13.18,0.00,1.82
Seq_18,13.51,0.00,4.94,5.71,2.86,8.31,1.30,5.71,7.01,8.05,2.60,2.86,5.97,2.60,4.16,5.97,7.01,8.05,0.52,2.86
Seq_19,11.23,0.72,7.25,5.80,3.62,8.33,1.81,5.80,7.97,7.25,3.99,3.62,3.26,3.99,0.72,4.35,7.97,7.61,0.72,3.99
Seq_20,5.08,7.11,6.85,6.60,2.92,7.36,1.27,4.19,5.71,8.25,2.03,4.31,4.95,3.81,4.82,7.99,5.84,6.60,1.02,3.30
Seq_21,6.86,0.45,5.79,4.19,3.83,10.43,1.43,5.08,4.55,6.68,2.05,8.38,2.94,2.94,2.85,9.63,8.11,6.95,1.78,5.08
Seq_22,7.02,1.05,4.91,8.77,3.86,8.77,2.11,6.67,6.32,5.61,2.46,2.46,6.32,2.11,3.86,3.51,6.32,14.04,1.05,2.81
Seq_23,4.70,0.85,6.73,8.03,3.79,5.49,1.57,5.49,11.69,8.03,2.55,5.16,4.83,3.66,4.38,6.86,5.94,6.27,1.18,2.81
Seq_24,10.17,1.15,6.72,3.84,5.37,8.25,2.50,5.57,4.99,7.10,1.92,4.99,3.45,3.45,5.37,5.57,5.57,5.95,2.30,5.76
Seq_25,10.14,2.03,5.51,5.51,3.19,10.43,2.03,7.25,3.19,8.99,2.03,2.61,6.09,2.61,6.09,4.35,6.96,8.70,1.45,0.87
Seq_26,5.63,1.53,5.40,5.75,5.40,6.92,2.11,5.52,5.16,11.97,2.58,3.52,6.22,2.00,6.10,6.69,5.87,6.34,1.17,4.11
Seq_27,3.93,0.66,3.28,3.61,3.61,11.15,1.97,6.23,10.16,7.87,4.59,2.95,4.92,2.62,5.90,10.16,6.89,8.20,0.00,1.31
Seq_28,6.30,0.27,5.75,9.86,5.21,8.77,2.74,8.49,9.86,7.40,1.10,2.74,4.93,1.10,4.66,4.11,3.84,7.95,0.27,4.66
Seq_29,11.30,0.56,7.34,4.52,3.39,7.91,2.26,5.65,3.95,10.17,2.26,2.26,3.95,5.08,6.21,6.78,5.08,6.21,0.00,5.08
Seq_30,11.96,1.62,6.97,4.98,3.24,8.22,4.23,6.10,4.86,5.98,2.99,2.24,6.48,2.62,4.48,3.61,6.10,8.72,1.00,3.61
Seq_31,6.68,1.49,4.21,9.41,4.46,9.65,2.23,7.92,6.44,9.90,2.48,5.45,2.23,3.22,4.21,4.46,5.94,5.45,0.74,3.47
Seq_32,4.74,1.29,6.03,5.17,2.59,5.17,0.86,4.74,6.90,7.33,2.59,4.74,7.33,3.45,6.47,10.78,9.05,4.31,1.29,5.17
Seq_33,22.22,0.93,12.04,5.56,9.26,7.41,0.00,4.63,10.19,8.33,0.00,0.93,0.00,1.85,0.93,5.56,2.78,5.56,0.93,0.93
Seq_34,7.37,1.11,6.02,5.41,3.81,7.86,1.47,6.02,4.91,7.62,2.58,6.88,5.28,1.47,4.30,6.88,6.39,7.99,2.33,4.30
Seq_35,4.11,0.46,5.94,11.42,5.02,3.65,1.37,8.68,7.76,13.70,1.83,4.11,1.37,5.94,1.83,4.11,5.94,7.76,0.00,5.02
Seq_36,6.43,1.75,5.85,4.68,5.85,12.87,2.34,5.26,4.09,10.53,2.92,3.51,4.68,2.92,5.85,4.68,4.68,7.02,1.75,2.34
Seq_37,3.77,1.89,4.72,4.72,1.89,12.26,4.72,9.43,8.49,5.66,0.94,2.83,10.38,2.83,2.83,4.72,4.72,6.60,0.94,5.66
Seq_38,12.73,1.87,5.62,5.62,3.00,10.49,3.00,4.87,6.37,5.99,2.62,3.00,2.25,4.12,3.00,7.12,5.99,7.49,1.12,3.75
Seq_39,12.83,0.66,6.58,5.92,3.62,9.87,1.64,2.96,0.99,10.53,2.96,1.97,6.58,2.96,9.54,3.62,4.61,6.25,2.96,2.96
Seq_40,6.02,0.00,6.94,5.09,2.31,6.48,0.46,12.50,8.33,9.72,1.85,5.09,5.56,1.39,4.63,3.24,4.63,10.19,0.00,5.56
Seq_41,4.90,4.20,3.85,7.69,3.50,9.79,1.75,6.99,5.59,8.39,2.10,4.20,3.85,2.80,4.90,6.29,6.29,8.39,2.45,2.10
Seq_42,7.26,0.74,4.28,3.91,4.84,8.01,2.23,4.84,1.49,8.75,1.86,6.70,10.06,5.21,4.66,5.96,7.45,7.64,0.93,3.17
Seq_43,3.19,0.47,6.38,5.45,5.68,4.51,0.93,9.11,7.24,8.09,2.02,9.96,3.81,3.19,2.88,8.72,6.30,5.76,1.25,5.06
Seq_44,9.74,1.43,2.38,4.28,1.66,6.89,2.38,4.51,14.01,8.31,2.85,4.99,6.41,1.66,10.21,4.28,4.75,5.70,1.43,2.14
Seq_45,7.32,4.88,5.69,9.55,4.47,9.15,2.85,2.44,4.67,8.13,1.42,2.85,4.07,3.05,6.91,6.71,6.50,5.89,1.42,2.03
Seq_46,5.43,2.60,3.42,6.38,2.83,7.08,1.30,8.03,5.08,9.68,1.77,7.08,3.42,4.60,6.14,5.43,7.08,6.85,3.19,2.60
Seq_47,9.09,0.23,3.18,3.64,7.27,7.73,3.41,7.50,2.27,10.91,4.09,3.18,6.82,1.14,3.18,2.50,4.55,9.55,4.55,5.23
Seq_48,6.08,0.00,7.73,6.63,6.08,8.29,2.76,3.31,11.60,3.31,1.66,3.31,6.08,2.76,6.08,3.31,10.50,6.63,2.76,1.10
Seq_49,11.02,5.51,3.15,4.72,6.30,7.87,6.30,0.79,11.02,6.30,1.57,1.57,3.15,6.30,3.15,7.87,5.51,3.94,0.79,3.15
Seq_50,7.55,1.21,7.55,7.25,6.34,4.53,4.53,6.34,4.53,7.55,2.72,3.63,4.23,4.23,6.95,4.83,3.63,6.95,2.72,2.72
Seq_51,14.56,0.90,6.31,4.12,1.80,10.18,3.61,2.32,1.03,9.28,1.68,1.55,5.67,1.93,8.76,3.61,9.28,7.22,3.48,2.71
Seq_52,7.84,0.22,4.58,7.41,3.05,9.80,3.05,8.71,5.45,5.88,1.74,7.41,2.61,2.61,3.27,5.23,8.28,10.24,0.00,2.61
Seq_53,5.74,2.36,6.08,7.43,2.36,5.41,3.38,5.07,6.08,6.76,3.38,4.39,2.03,4.73,9.12,9.12,4.39,8.11,1.69,2.36
Seq_54,10.60,0.00,6.02,7.74,3.15,10.60,1.15,7.16,6.30,8.60,2.58,2.87,3.72,4.01,5.16,5.73,4.87,8.02,0.29,1.43
Seq_55,9.49,0.66,3.97,3.31,3.09,6.84,2.65,2.65,1.99,7.51,2.87,3.53,11.70,4.19,7.06,12.36,7.28,4.86,0.66,3.31
Seq_56,7.01,0.95,4.54,7.05,2.64,6.01,1.95,6.58,6.79,11.08,1.34,4.50,4.93,7.44,3.59,6.75,5.50,6.23,1.08,4.02
Seq_57,7.97,2.17,6.52,5.80,3.99,7.97,3.62,5.07,2.17,10.14,1.09,3.99,5.07,2.90,6.52,6.88,6.52,6.52,1.09,3.99
Seq_58,14.00,0.67,7.33,4.00,5.33,4.00,1.33,5.33,8.67,6.00,4.67,2.00,4.00,2.67,3.33,10.00,4.67,8.00,1.33,2.67
Seq_59,3.89,0.58,6.48,6.63,3.46,9.37,0.72,6.48,9.08,7.93,1.44,10.23,2.74,2.31,2.59,7.78,6.34,5.48,1.01,5.48
Seq_60,11.80,1.52,5.73,5.06,3.04,6.41,2.53,5.06,6.24,9.27,1.85,3.88,4.55,3.71,5.23,7.08,4.72,8.94,0.84,2.53
Seq_61,9.25,1.32,4.41,7.93,3.08,2.20,0.00,4.85,9.69,13.22,2.64,6.17,1.76,5.73,5.73,5.29,5.73,3.96,0.44,6.61
Seq_62,7.83,0.58,5.22,11.01,5.22,7.54,1.45,7.54,7.54,6.96,2.61,2.90,2.03,2.61,6.38,6.09,3.48,10.14,0.00,2.90
Seq_63,7.40,2.25,4.82,1.93,3.22,10.61,1.29,7.40,4.82,10.29,1.61,6.75,4.50,3.86,2.57,9.65,4.82,4.50,2.25,5.47
Seq_64,6.40,1.42,6.16,8.29,4.50,5.92,2.13,4.27,13.27,9.48,2.61,4.27,4.98,3.32,1.90,3.79,5.45,8.29,0.95,2.61
Seq_65,7.30,1.51,6.55,8.31,3.27,9.82,2.52,7.05,5.54,6.30,3.27,2.77,4.79,2.27,5.54,3.02,7.30,10.33,0.25,2.27
Seq_66,3.62,0.00,5.43,4.07,1.81,6.79,1.36,0.45,5.43,2.26,2.26,0.45,7.69,0.45,23.98,21.72,3.17,4.98,0.00,4.07
Seq_67,6.20,0.18,7.86,9.03,3.50,6.94,1.17,7.25,6.57,7.80,1.54,9.21,2.89,2.58,2.89,6.70,5.77,6.27,1.54,4.12
Seq_68,9.90,0.74,5.20,9.41,2.97,5.94,1.98,5.69,3.22,12.38,1.98,2.97,6.93,2.48,6.19,5.69,6.19,8.91,0.99,0.25
Seq_69,11.55,1.59,5.58,5.58,3.59,8.37,2.59,6.37,3.59,9.16,1.99,3.19,8.17,4.58,5.18,4.18,5.38,6.77,0.60,1.99
Seq_70,5.64,1.03,4.96,5.13,3.76,7.69,2.56,4.96,5.81,8.72,2.22,2.91,5.98,3.59,5.81,7.18,7.69,7.01,1.88,5.47
Seq_71,5.45,1.98,3.96,10.40,2.48,4.46,2.48,10.89,7.92,10.89,1.49,4.46,3.47,1.98,5.45,5.45,4.95,6.44,0.99,4.46
Seq_72,5.47,1.56,5.21,7.03,5.21,6.51,3.65,5.99,5.73,6.25,3.12,5.21,4.17,4.69,4.69,4.95,5.73,6.77,0.78,7.29
Seq_73,3.05,3.87,7.33,11.41,2.24,4.28,1.83,4.07,6.31,7.33,1.63,3.67,4.68,5.50,4.28,13.44,5.09,6.31,0.81,2.85
Seq_74,12.24,0.78,3.39,4.17,1.82,8.07,1.30,3.91,5.47,8.85,3.65,3.91,7.29,4.95,3.12,5.47,5.99,8.59,2.86,4.17
Seq_75,4.23,0.77,5.00,5.38,3.46,8.46,2.69,8.08,10.77,9.62,1.15,6.15,4.23,3.46,6.92,5.00,4.23,6.15,1.15,3.08
Seq_76,4.51,0.00,4.92,10.25,4.10,5.74,2.05,6.56,7.79,9.43,1.23,5.33,6.56,2.87,3.69,4.10,10.25,7.79,1.23,1.64
Seq_77,15.19,0.74,6.30,2.59,3.33,9.26,3.70,5.19,3.33,8.15,4.44,4.07,5.56,4.44,3.33,5.19,6.30,5.93,1.48,1.48
Seq_78,9.59,0.68,6.85,6.16,4.11,8.22,2.74,2.74,3.42,10.27,2.05,1.37,5.48,4.11,10.27,6.85,2.74,9.59,1.37,1.37
Seq_79,9.43,0.18,4.63,4.09,3.91,7.83,1.25,4.63,4.80,6.05,2.85,9.25,3.91,3.74,3.74,6.94,8.72,6.94,2.31,4.80
Seq_80,7.33,0.00,2.00,6.67,2.00,15.33,2.00,1.33,12.00,12.00,2.00,2.00,6.67,2.67,11.33,4.67,3.33,5.33,0.00,1.33
Seq_81,2.31,2.31,5.20,9.25,4.62,2.89,5.20,10.40,8.67,6.94,1.73,6.94,2.89,1.73,2.89,10.98,2.31,7.51,0.00,5.20
Seq_82,9.29,2.88,4.49,7.37,5.13,11.22,1.60,4.81,5.77,7.69,3.53,5.45,3.53,3.21,5.13,6.09,4.49,5.77,0.96,1.60
Seq_83,15.56,0.51,4.59,6.63,4.08,9.95,2.04,4.34,5.61,4.34,2.81,3.06,6.38,3.32,2.55,6.12,5.36,8.93,0.26,3.57
Seq_84,14.65,0.73,7.69,5.86,4.03,11.72,3.66,5.86,4.40,8.79,3.30,2.56,1.10,2.20,5.49,4.76,5.13,6.96,0.37,0.73
Seq_85,5.20,0.74,2.60,4.46,4.46,9.67,4.09,5.20,9.67,5.58,3.35,4.83,5.20,2.97,5.95,8.92,4.46,9.29,0.74,2.60
Seq_86,9.92,1.07,5.90,4.83,4.56,5.63,2.95,6.70,6.97,9.38,1.07,3.75,7.51,2.41,5.90,4.56,6.70,6.43,1.34,2.41
Seq_87,7.04,3.02,6.53,4.52,6.03,7.04,5.03,4.02,2.51,10.05,2.51,4.52,4.52,6.03,7.04,5.53,3.52,4.02,2.51,4.02
Seq_88,4.27,2.67,4.09,7.65,3.20,9.07,2.49,6.41,6.41,9.07,2.85,7.65,3.20,3.02,3.38,6.58,6.58,5.52,1.96,3.91
Seq_89,11.33,0.20,5.77,8.55,1.59,9.94,1.39,10.14,7.75,7.95,2.98,1.99,3.98,1.19,4.57,4.77,5.57,7.95,0.40,1.99
Seq_90,9.33,3.39,4.09,3.85,2.86,8.37,2.29,4.18,3.19,10.33,1.73,2.79,6.87,2.92,5.85,7.01,7.34,7.94,2.36,3.32
Seq_91,6.61,1.32,6.61,9.25,4.41,6.17,2.64,8.81,8.37,8.81,3.52,5.73,3.08,1.32,4.85,3.96,6.17,4.85,0.00,3.52
Seq_92,14.21,0.55,8.74,5.74,4.37,6.56,4.10,4.92,2.73,7.38,2.46,3.01,6.28,1.37,8.47,1.64,5.46,6.56,2.46,3.01
Seq_93,9.45,0.36,3.64,4.36,6.18,13.09,1.09,2.55,5.09,11.64,2.18,3.64,6.91,3.64,4.00,6.55,3.64,6.18,1.82,4.00
Seq_94,11.05,1.45,6.69,9.59,4.36,6.69,2.33,7.56,6.69,6.69,4.07,2.33,5.81,2.62,2.33,3.49,6.98,6.40,0.29,2.62
Seq_95,5.93,1.48,7.78,4.81,4.81,7.04,3.33,7.41,2.22,9.26,2.96,4.07,4.81,3.70,3.70,8.52,2.59,11.48,0.74,3.33
Seq_96,5.88,0.00,5.88,5.15,8.09,6.62,3.68,4.41,3.68,7.35,2.94,8.09,2.21,3.68,5.88,6.62,8.09,8.09,0.74,2.94
Seq_97,15.43,0.37,6.69,7.99,1.67,12.08,1.30,1.86,1.12,9.85,1.86,2.23,5.39,2.23,4.65,6.69,6.32,9.29,1.49,1.49
Seq_98,9.76,0.00,2.44,2.44,9.76,2.44,4.88,9.76,2.44,17.07,4.88,2.44,7.32,0.00,2.44,2.44,9.76,2.44,2.44,4.88
Seq_99,12.83,0.79,6.02,6.02,2.62,8.90,2.62,7.85,3.93,12.57,2.09,3.66,3.93,2.09,6.81,5.76,5.24,4.71,0.79,0.79
Seq_100,5.10,3.18,5.10,12.74,5.10,8.28,1.91,5.10,7.01,8.92,3.18,5.73,4.46,3.18,1.91,4.46,4.46,7.01,0.00,3.18
Seq_101,11.63,0.39,5.81,5.04,1.16,10.47,1.94,6.98,5.04,14.34,3.10,4.26,3.88,4.26,3.49,4.26,4.65,7.75,0.78,0.78
Seq_102,9.71,1.71,6.29,6.29,6.86,8.00,1.71,6.86,9.14,5.71,4.57,5.71,3.43,3.43,0.00,2.86,5.14,9.71,0.57,2.29
Seq_103,5.98,3.11,6.22,9.81,4.07,9.33,1.67,6.46,9.33,7.18,3.35,2.15,5.26,1.44,4.55,4.07,4.07,5.50,3.59,2.87
Seq_104,12.71,0.28,1.93,4.42,2.21,7.73,2.76,4.14,8.84,7.73,0.83,4.42,4.70,3.31,6.91,6.91,7.46,9.39,1.66,1.66
Seq_105,4.68,1.95,7.21,8.58,3.90,6.82,2.14,5.46,8.38,8.58,2.73,4.87,3.31,4.09,5.26,8.38,5.65,4.87,1.17,1.95
Seq_106,12.72,1.08,6.25,4.31,3.66,9.91,2.80,3.45,2.16,9.91,1.94,2.80,6.47,2.37,6.90,5.82,6.03,6.25,1.94,3.23
Seq_107,7.32,1.12,6.10,6.20,6.20,6.30,1.73,6.20,7.32,8.74,2.24,6.81,3.35,3.46,3.76,4.88,6.40,6.10,0.81,4.98
Seq_108,7.75,1.87,5.15,5.02,4.10,7.07,2.28,5.84,5.06,8.48,2.23,4.70,5.65,3.88,4.47,7.43,6.70,6.89,1.41,4.01
Seq_109,10.13,1.47,4.97,6.08,4.42,7.92,3.68,4.97,5.34,7.37,1.66,4.05,5.89,3.13,5.16,3.87,7.18,7.55,1.29,3.87
Seq_110,11.41,2.68,3.36,11.41,4.70,2.68,3.36,4.03,10.74,10.07,4.03,3.36,1.34,6.04,0.67,4.03,5.37,4.70,2.01,4.03
Seq_111,10.60,0.66,3.97,5.30,2.65,6.62,5.30,10.60,3.31,11.26,0.66,5.96,3.97,4.64,3.97,6.62,4.64,5.96,0.66,2.65
Seq_112,8.82,0.00,6.34,5.23,5.23,6.34,2.20,6.89,6.34,5.79,1.38,6.06,4.68,3.58,5.23,4.96,5.79,6.89,4.13,4.13
Seq_113,5.37,0.85,6.36,6.79,4.53,6.36,3.11,6.36,6.65,6.93,2.55,3.54,4.24,3.11,5.52,4.53,6.65,8.49,1.98,6.08
Seq_114,6.38,2.48,5.67,6.03,1.42,7.80,2.13,8.51,8.51,13.12,2.48,5.67,3.55,1.77,1.77,7.09,4.26,9.22,0.00,2.13
Seq_115,7.63,0.42,5.08,7.20,3.81,7.20,0.85,5.08,11.86,8.47,0.85,2.97,3.81,5.08,11.86,3.81,4.24,7.63,0.00,2.12
Seq_116,11.25,1.47,4.16,9.54,2.44,10.02,2.44,5.13,3.42,7.82,2.69,1.47,5.13,3.91,6.60,3.91,5.38,10.02,1.47,1.71
Seq_117,7.72,3.02,6.71,5.70,4.70,9.06,2.01,4.03,5.03,8.72,1.34,3.02,4.03,5.37,6.04,7.72,3.02,10.40,1.34,1.01
Seq_118,6.04,1.21,7.55,5.14,3.63,8.46,2.42,5.14,5.14,9.37,3.93,2.72,6.95,1.51,5.74,7.85,3.93,8.76,0.60,3.93
Seq_119,14.35,0.46,7.06,5.47,2.05,7.29,3.87,5.47,4.10,11.39,3.64,3.64,3.64,1.82,5.69,5.24,5.47,6.38,1.14,1.82
Seq_120,12.95,1.12,8.71,2.46,4.69,8.26,1.79,2.01,3.35,9.15,1.34,5.80,3.35,4.91,4.69,6.70,5.36,4.91,2.23,6.25
Seq_121,6.69,1.86,5.08,5.08,4.83,7.45,1.44,7.11,5.00,8.30,1.78,6.35,3.98,5.33,2.71,8.64,6.69,7.54,0.76,3.39
Seq_122,7.77,6.80,7.77,2.91,2.91,8.74,3.88,7.77,4.85,1.94,0.97,3.88,10.68,3.88,1.94,2.91,3.88,12.62,0.97,2.91
Seq_123,5.66,0.00,3.77,6.60,0.94,3.77,7.55,7.55,6.60,12.26,3.77,4.72,0.94,6.60,3.77,12.26,3.77,6.60,0.00,2.83
Seq_124,12.31,1.30,4.97,7.99,3.67,10.37,2.59,6.70,4.54,7.99,2.59,2.38,3.46,2.16,6.48,4.10,6.05,7.34,0.43,2.59
Seq_125,11.63,1.66,6.37,7.48,6.09,5.54,2.22,5.26,8.59,7.76,1.39,4.71,4.16,4.16,3.60,3.88,4.99,7.20,0.55,2.77
Seq_126,5.39,1.55,5.53,4.18,3.37,4.65,2.83,4.99,5.87,9.31,3.98,8.70,6.00,3.84,3.71,13.01,6.27,3.64,0.61,2.56
Seq_127,6.53,2.36,4.90,6.35,4.54,6.35,2.00,2.72,2.54,12.52,0.73,2.54,10.53,5.81,4.72,8.89,5.63,5.44,3.09,1.81
Seq_128,8.43,0.99,5.29,8.60,2.64,11.07,1.82,6.28,7.77,9.59,2.48,4.46,5.29,0.66,4.30,3.64,4.96,5.29,1.32,5.12
Seq_129,14.86,0.68,6.08,6.08,3.38,6.42,2.03,6.08,3.72,9.46,3.04,3.72,3.38,4.05,6.08,5.07,5.41,7.09,0.00,3.38
Seq_130,10.61,1.82,6.67,6.67,4.85,6.06,2.42,4.55,6.97,5.15,5.15,2.73,6.06,3.03,3.33,3.94,4.85,8.48,2.42,4.24
Seq_131,6.06,0.94,5.33,7.11,4.28,5.22,1.78,4.70,5.54,9.61,2.09,5.96,4.81,4.08,4.28,7.73,6.58,6.69,2.72,4.49
Seq_132,11.15,0.77,5.77,5.00,2.69,11.15,1.92,9.23,7.69,8.08,1.92,4.62,2.69,3.08,3.08,4.62,5.38,8.08,0.77,2.31
Seq_133,10.15,1.13,3.38,5.64,0.94,8.46,1.88,1.88,9.02,7.89,2.07,2.26,9.59,3.95,6.20,12.97,5.83,5.26,0.94,0.56
Seq_134,6.02,4.02,5.94,5.70,4.02,9.40,3.21,4.50,2.33,6.83,1.29,3.69,7.15,4.58,5.38,7.39,6.91,6.67,1.20,3.78
Seq_135,12.04,2.09,7.33,4.71,3.66,9.95,2.62,3.66,4.19,6.28,2.62,4.19,4.71,1.05,6.28,5.76,6.81,8.90,2.09,1.05
Seq_136,9.85,0.99,2.46,7.39,4.43,7.39,1.48,3.45,3.45,13.79,2.96,1.48,7.39,7.39,5.42,6.90,2.96,7.39,0.99,2.46
Seq_137,4.04,1.55,5.12,6.21,4.35,4.19,4.19,4.35,6.83,9.16,2.02,4.81,4.04,6.06,5.59,12.42,6.37,4.97,1.24,2.48
Seq_138,8.24,0.87,8.09,5.35,3.90,6.65,2.46,3.76,6.79,8.67,2.17,5.49,3.90,2.89,2.02,7.80,7.51,4.05,2.17,7.23
Seq_139,10.56,0.47,6.81,2.35,3.52,8.22,1.41,4.46,4.93,7.98,2.82,4.69,3.76,2.35,3.05,12.21,7.75,4.46,2.35,5.87
Seq_140,17.46,1.06,5.03,6.88,1.06,10.32,2.65,3.97,1.32,8.20,1.85,1.59,5.82,2.65,7.94,3.44,5.82,8.47,2.12,2.38
Seq_141,10.81,0.17,6.59,7.43,3.55,7.09,1.69,7.26,5.57,6.42,3.38,6.93,4.05,2.70,3.72,4.56,4.90,7.60,1.52,4.05
Seq_142,4.81,5.50,2.75,7.56,3.44,4.12,3.78,7.56,7.22,6.19,2.41,2.75,5.15,4.47,4.12,10.65,6.87,5.84,2.06,2.75
Seq_143,6.06,1.30,6.06,7.36,4.76,6.06,0.43,6.93,6.93,12.99,0.87,5.19,4.33,2.16,3.90,10.39,3.90,5.63,1.73,3.03
Seq_144,10.53,1.32,5.70,7.02,4.39,8.33,2.19,6.14,3.95,8.33,4.39,2.19,4.39,4.39,7.02,4.39,6.14,5.26,1.32,2.63
Seq_145,8.25,0.64,5.68,3.32,2.47,9.65,1.82,3.86,1.61,6.11,1.71,6.97,3.64,3.43,2.57,19.51,6.32,6.32,1.61,4.50
Seq_146,3.24,0.00,6.48,8.33,3.70,6.02,1.39,10.19,8.80,8.80,2.78,3.70,4.17,3.24,6.48,5.56,5.09,6.02,2.78,3.24
Seq_147,4.46,0.00,7.01,6.37,2.55,7.01,5.10,10.19,8.28,10.19,1.91,5.73,5.10,3.82,3.18,2.55,3.18,4.46,2.55,6.37
Seq_148,4.88,0.00,5.28,7.72,2.03,6.50,2.44,8.13,6.10,11.79,3.66,5.69,2.85,2.03,7.32,9.76,4.88,6.50,0.41,2.03
Seq_149,8.13,4.88,6.50,3.25,2.44,9.76,1.63,5.28,4.07,9.35,1.22,7.32,5.28,4.47,2.03,6.91,3.25,9.35,1.63,3.25
Seq_150,12.50,0.16,5.29,9.29,4.17,8.81,1.76,3.53,4.33,10.42,2.24,1.76,5.45,2.08,9.29,3.04,4.81,8.65,0.80,1.60
Seq_151,7.03,1.22,5.81,7.95,2.45,2.45,3.98,3.06,4.59,11.62,3.67,3.98,5.20,5.50,5.81,9.17,4.59,3.67,3.98,4.28
Seq_152,6.71,8.13,3.18,6.01,1.77,8.83,2.12,3.18,4.24,6.36,1.06,2.12,9.19,4.24,4.95,7.77,7.42,8.48,2.12,2.12
Seq_153,11.27,0.91,6.18,7.27,4.55,8.91,2.36,4.36,4.18,6.18,2.73,4.00,4.36,4.36,4.00,4.00,6.36,7.82,1.09,5.09
Seq_154,12.90,2.15,9.14,5.38,3.23,9.14,3.76,3.23,1.08,6.99,1.08,2.15,3.76,1.61,4.30,7.53,7.53,10.75,1.08,3.23
Seq_155,6.76,1.46,4.53,7.39,2.51,7.60,1.95,7.04,8.78,7.67,1.95,3.83,5.44,6.69,4.46,4.11,5.92,6.69,2.58,2.65
Seq_156,11.09,1.15,4.85,6.47,5.08,11.55,2.08,5.54,4.62,8.55,3.46,2.08,5.31,2.77,3.46,4.85,6.24,7.39,0.46,3.00
Seq_157,12.82,2.56,10.26,8.97,0.00,8.97,1.28,3.85,2.56,7.69,2.56,2.56,6.41,0.00,5.13,8.97,5.13,5.13,1.28,3.85
Seq_158,8.71,1.18,6.65,6.50,5.47,6.79,2.36,5.32,5.91,8.42,3.10,4.28,4.73,4.14,4.87,6.06,4.14,6.20,1.62,3.55
Seq_159,10.32,0.65,4.52,3.87,3.87,3.23,3.23,7.74,12.26,7.74,1.29,5.16,1.94,4.52,7.10,7.10,7.74,3.87,1.94,1.94
Seq_160,10.14,1.45,2.17,1.45,2.90,10.87,1.45,7.25,6.52,2.90,2.90,3.62,6.52,2.90,13.77,6.52,6.52,9.42,0.72,0.00
Seq_161,11.54,0.55,0.00,1.65,7.69,8.24,1.65,13.19,4.40,15.38,1.65,2.75,3.30,1.65,2.20,6.59,3.85,7.14,2.75,3.85
Seq_162,6.79,2.14,6.07,7.50,3.57,6.07,1.43,6.79,9.29,7.50,1.43,6.07,3.93,3.21,2.86,2.50,7.86,9.29,1.07,4.64
Seq_163,4.41,2.94,1.47,4.41,1.47,10.29,1.47,7.35,7.35,4.41,0.00,5.88,8.82,1.47,8.82,8.82,2.94,14.71,2.94,0.00
Seq_164,10.40,1.09,6.02,6.43,3.42,7.66,3.15,4.79,1.37,11.49,2.33,1.78,5.47,4.24,8.48,7.11,5.06,6.98,1.09,1.64
Seq_165,8.42,1.05,6.84,4.47,2.63,7.11,1.84,6.84,5.00,8.68,1.32,5.26,3.68,2.89,5.53,7.37,7.63,10.00,1.32,2.11
Seq_166,8.77,1.75,5.26,9.94,3.22,9.36,3.22,7.02,5.56,6.14,3.51,3.22,3.51,4.09,2.92,4.68,4.68,7.89,1.17,4.09
Seq_167,8.38,0.00,5.69,8.08,2.10,5.39,2.10,8.08,5.99,9.28,3.59,4.79,4.79,3.29,4.49,6.59,5.99,8.08,0.00,3.29
Seq_168,15.24,0.00,2.23,1.86,0.74,12.64,2.60,3.72,1.86,7.06,1.12,8.18,4.83,3.72,3.35,11.90,6.32,8.92,1.12,2.60
Seq_169,4.37,1.31,5.90,4.59,4.37,9.17,2.40,7.64,6.11,7.86,1.75,5.68,6.11,2.18,3.06,5.46,6.77,6.11,4.15,5.02
Seq_170,3.70,1.23,5.56,9.26,6.17,8.64,1.85,6.79,6.17,9.26,3.09,7.41,3.09,3.70,3.70,4.94,4.32,6.79,0.00,4.32
Seq_171,7.01,2.55,7.01,8.92,4.46,5.73,5.10,5.73,7.01,8.28,3.18,2.55,4.46,3.82,3.18,4.46,5.10,8.28,0.64,2.55
Seq_172,6.88,2.91,3.44,5.82,2.91,4.76,2.65,5.29,3.17,15.61,3.44,4.76,6.35,4.50,6.08,7.67,2.65,5.56,1.06,4.50
Seq_173,9.49,1.54,6.41,5.38,2.82,10.26,2.56,6.92,3.85,10.26,1.54,3.08,5.38,2.31,4.10,6.41,6.67,8.97,0.26,1.79
Seq_174,9.79,0.31,6.12,5.50,3.67,7.03,2.75,6.12,8.87,7.95,4.59,3.36,4.89,5.81,2.45,4.28,4.59,8.56,0.92,2.45
Seq_175,12.13,0.00,5.44,7.53,2.51,12.55,1.26,4.18,1.67,11.30,2.51,1.67,5.02,1.67,9.21,5.02,5.02,10.46,0.00,0.84
Seq_176,6.69,0.50,8.70,4.68,3.85,9.20,3.01,5.35,7.36,7.36,1.67,3.68,4.68,3.85,4.18,4.52,6.52,8.53,1.84,3.85
Seq_177,11.31,4.63,4.88,9.51,1.80,4.37,2.57,2.31,6.17,8.48,1.03,3.60,5.91,8.74,6.94,6.94,5.14,3.34,0.51,1.80
Seq_178,12.18,1.02,4.44,6.73,3.30,9.14,2.16,6.09,1.78,8.25,2.28,2.41,4.57,4.19,6.47,5.08,7.61,9.77,0.63,1.90
Seq_179,17.49,1.32,6.60,3.30,2.64,7.92,0.99,2.97,2.31,11.22,1.98,2.31,4.62,3.30,9.57,5.94,6.93,6.60,1.32,0.66
Seq_180,4.95,3.18,5.83,5.12,3.89,7.77,1.94,8.13,5.30,7.60,1.59,7.60,3.53,4.24,4.77,6.89,7.07,5.30,2.12,3.18
Seq_181,5.30,0.00,4.64,9.93,1.99,5.96,1.99,11.92,11.26,9.27,2.65,3.31,3.97,0.66,3.97,5.30,7.28,7.28,0.00,3.31
Seq_182,16.49,4.12,6.19,4.12,0.00,8.25,3.09,3.09,9.28,6.19,6.19,1.03,4.12,2.06,1.03,6.19,7.22,7.22,1.03,3.09
Seq_183,6.06,0.00,4.55,7.58,1.52,18.18,0.76,4.55,0.76,5.30,1.52,10.61,3.03,5.30,2.27,7.58,6.82,6.06,4.55,3.03
Seq_184,10.48,2.54,8.25,5.40,4.44,7.30,0.63,9.52,6.03,9.84,2.22,4.76,2.22,2.54,4.44,5.08,6.67,6.03,0.32,1.27
Seq_185,7.41,1.23,3.29,7.41,2.88,9.47,1.23,6.17,8.23,8.64,2.47,1.23,7.00,3.29,7.41,4.53,4.94,10.29,0.41,2.47
Seq_186,10.00,1.37,5.10,6.27,4.31,9.22,2.35,4.90,7.65,7.25,2.35,2.94,5.88,2.55,5.29,4.71,3.92,9.41,0.78,3.53
Seq_187,12.41,1.19,6.92,5.25,3.10,9.55,3.58,4.53,1.67,9.55,2.15,1.19,7.16,2.15,7.64,3.34,5.25,9.31,1.43,2.63
Seq_188,8.02,0.00,3.77,7.55,5.19,10.85,3.30,4.25,2.83,9.91,3.77,3.77,6.13,2.83,8.02,3.30,5.19,6.13,2.36,2.83
Seq_189,10.06,0.00,7.80,3.49,6.16,11.91,2.46,5.13,3.90,5.54,0.41,7.80,2.05,5.34,2.05,7.80,6.98,5.54,1.64,3.90
Seq_190,6.48,1.41,3.94,5.07,5.35,5.92,5.35,5.35,5.63,10.70,2.82,3.38,5.07,1.41,5.92,6.20,6.76,5.35,2.25,5.63
Seq_191,6.76,1.69,2.90,6.52,2.66,8.45,3.62,5.31,4.59,12.32,3.14,2.66,5.56,4.11,5.56,6.28,6.04,7.25,1.21,3.38
Seq_192,13.39,0.79,3.15,7.09,3.94,5.51,2.36,4.72,6.30,8.66,3.15,5.51,3.15,1.57,14.17,5.51,4.72,4.72,0.00,1.57
Seq_193,7.24,1.03,8.97,5.86,5.17,8.28,3.10,3.10,2.76,7.24,3.45,3.10,6.21,4.83,5.17,4.83,5.52,8.62,1.03,4.48
Seq_194,6.09,0.70,6.56,3.51,5.15,6.56,3.28,5.39,3.51,8.20,2.81,4.68,6.56,5.15,5.62,6.56,7.96,5.15,1.41,5.15
Seq_195,7.16,1.91,7.16,5.01,2.63,9.55,1.91,7.40,5.25,8.11,3.10,4.53,6.92,2.63,5.01,4.30,5.25,6.21,1.67,4.30
Seq_196,6.96,1.45,5.80,8.41,4.64,3.77,3.48,2.61,8.70,8.41,1.74,2.90,4.35,6.09,8.41,5.51,4.35,6.09,2.90,3.48
Seq_197,9.84,1.04,3.89,7.51,2.85,4.66,3.89,5.70,4.40,12.95,2.07,4.15,3.89,5.70,5.44,6.48,5.96,6.22,0.52,2.85
Seq_198,11.99,2.40,6.51,6.16,3.77,9.93,1.37,1.37,0.68,14.04,1.71,1.37,5.14,3.42,10.27,5.82,4.79,6.85,0.68,1.71
Seq_199,5.33,2.37,7.10,3.55,5.33,7.99,1.78,6.51,5.62,8.58,2.66,7.69,2.07,3.55,3.85,7.69,5.92,6.21,1.48,4.73
Seq_200,12.20,0.70,5.92,6.27,3.83,8.71,1.74,5.23,4.88,8.71,2.79,2.09,3.48,3.48,6.62,5.23,8.71,6.27,1.05,2.09
Seq_201,5.95,0.54,2.97,7.57,7.30,4.32,1.89,11.35,7.84,11.62,1.62,4.32,2.16,2.97,4.59,7.30,5.41,5.68,1.62,2.97
Seq_202,15.33,0.00,3.45,8.43,2.68,9.20,0.77,3.83,4.21,12.26,2.68,1.92,3.45,2.30,6.90,4.21,4.21,9.20,0.38,4.60
Seq_203,2.74,2.74,5.48,6.85,2.74,5.48,1.37,6.85,13.70,9.59,2.74,2.74,2.74,4.11,1.37,6.85,6.85,10.96,0.00,4.11
Seq_204,6.51,2.96,5.15,10.06,3.31,4.44,1.83,2.84,8.28,10.18,3.02,2.60,5.86,4.32,5.92,7.87,3.96,7.16,1.54,2.19
Seq_205,8.84,0.00,4.97,6.63,6.63,6.08,4.42,6.63,4.42,9.94,3.31,2.76,3.87,6.63,3.87,8.29,4.97,4.42,1.10,2.21
Seq_206,5.77,1.68,5.03,7.64,3.72,8.94,2.23,4.66,6.15,9.31,2.42,3.91,4.66,4.10,5.59,5.59,6.70,5.21,1.86,4.84
Seq_207,9.40,0.53,6.38,6.21,4.08,7.27,2.13,6.38,2.13,13.30,3.37,1.42,5.32,1.95,7.98,5.50,4.26,9.93,1.42,1.06
Seq_208,11.18,0.59,5.29,4.41,3.53,8.24,1.18,6.47,6.76,6.47,2.65,5.59,5.29,5.59,2.65,5.59,5.00,8.82,1.18,3.53
Seq_209,4.75,0.43,5.18,8.42,3.67,4.97,0.86,8.42,11.23,8.21,1.30,7.99,4.97,2.38,3.89,7.78,4.97,3.67,0.86,6.05
Seq_210,7.58,1.97,7.30,6.18,4.49,8.15,2.53,5.90,6.18,8.43,4.78,2.81,3.93,3.37,2.53,5.34,4.78,8.99,1.40,3.37
Seq_211,7.10,1.54,4.80,7.49,4.03,7.29,2.50,4.41,4.03,10.56,2.50,4.03,5.95,2.30,7.87,5.95,5.57,6.72,1.54,3.84
Seq_212,10.91,0.88,6.78,7.37,3.24,9.14,1.47,3.24,2.36,13.57,0.88,2.36,4.72,4.42,11.21,3.83,2.65,7.67,1.47,1.77
Seq_213,7.66,0.70,4.64,10.67,3.48,4.41,2.78,7.66,5.80,7.19,2.78,4.41,2.78,4.18,6.73,4.87,7.42,7.19,1.62,3.02
Seq_214,12.24,0.46,7.62,2.54,5.31,7.39,1.15,4.62,6.70,7.39,2.31,5.08,4.85,5.54,2.31,5.54,7.85,5.08,2.08,3.93
Seq_215,4.89,1.49,7.47,7.20,3.26,3.67,3.12,4.35,4.89,10.33,3.53,5.03,4.62,5.03,5.03,10.73,6.79,5.16,0.95,2.45
Seq_216,15.57,1.10,4.39,7.46,3.07,10.96,2.19,6.80,3.51,7.68,2.19,3.07,5.04,2.19,4.61,3.73,5.26,8.55,0.44,2.19
Seq_217,3.64,0.00,6.49,7.01,6.23,4.16,3.38,8.31,10.13,10.91,2.08,4.68,4.16,4.94,2.60,5.71,6.49,2.34,1.04,5.71
Seq_218,4.49,0.64,4.17,11.86,4.17,7.37,0.64,8.01,9.94,8.65,0.64,1.60,3.21,2.88,6.41,4.81,5.77,10.58,0.64,3.53
Seq_219,9.13,0.70,5.39,6.09,3.04,7.49,4.45,6.56,3.04,10.07,2.34,4.68,4.22,6.09,5.15,4.22,6.09,6.79,1.64,2.81
Seq_220,5.98,0.00,7.69,4.27,3.42,5.70,3.99,7.12,5.13,8.83,1.71,6.55,4.56,3.70,5.41,10.83,7.69,6.27,0.28,0.85
Seq_221,6.36,0.34,4.80,8.38,4.33,5.48,2.64,7.17,5.61,9.40,2.97,3.92,4.87,5.68,5.61,6.42,4.33,7.30,1.01,3.38
Seq_222,7.47,1.72,3.16,3.45,6.90,7.18,2.30,5.46,4.60,10.92,3.74,4.89,4.60,4.89,7.76,7.18,3.16,5.46,1.44,3.74
Seq_223,4.68,1.44,6.47,8.99,1.80,3.24,1.08,5.04,12.95,8.27,3.96,7.91,4.68,4.68,7.19,6.12,4.68,3.96,0.00,2.88
Seq_224,10.11,2.46,3.28,6.28,4.37,8.74,0.82,5.19,7.10,12.30,2.19,3.55,3.55,2.73,4.64,7.10,5.19,8.47,0.55,1.37
Seq_225,4.51,2.26,3.01,7.14,6.02,9.02,3.01,1.13,3.01,10.15,1.88,3.01,4.51,5.26,6.77,6.77,6.77,9.77,1.50,4.51
Seq_226,14.79,0.70,5.63,2.82,4.93,4.93,7.04,0.00,7.75,12.68,2.11,2.82,4.93,0.70,2.11,7.75,6.34,9.15,0.70,2.11
Seq_227,8.33,0.28,7.22,7.78,4.72,8.89,4.44,3.61,4.44,9.17,2.78,1.94,6.11,3.33,4.72,6.67,5.56,4.44,1.67,3.89
Seq_228,14.29,0.00,8.93,11.61,0.89,7.14,0.00,1.79,17.86,3.57,2.68,3.57,3.57,0.00,6.25,8.93,0.89,3.57,2.68,1.79
Seq_229,7.95,0.11,8.28,5.01,4.25,8.93,1.96,4.47,5.34,8.06,2.07,5.01,3.92,4.47,4.47,7.30,6.21,5.99,2.18,4.03
Seq_230,6.19,1.43,5.71,4.29,3.33,8.57,1.90,4.29,5.71,13.81,2.86,5.71,5.71,5.71,4.76,4.29,3.81,5.71,0.95,5.24
Seq_231,11.00,1.79,5.12,6.91,2.30,8.44,3.84,5.88,4.86,8.95,2.30,3.84,6.39,1.28,5.37,5.37,4.35,6.65,1.28,4.09
Seq_232,7.64,0.69,5.56,9.72,0.00,3.47,5.56,11.11,6.25,15.28,2.08,1.39,3.47,5.56,6.94,6.25,4.86,2.78,1.39,0.00
Seq_233,8.84,7.48,6.80,4.76,3.40,4.08,2.72,4.76,4.08,9.52,4.08,3.40,4.08,3.40,2.04,8.16,8.84,4.08,4.76,0.68
Seq_234,5.18,1.30,8.81,7.77,4.40,4.66,1.55,6.74,13.99,11.40,2.59,3.63,2.07,2.59,0.52,6.22,5.18,5.96,0.26,5.18
Seq_235,10.14,0.00,1.86,2.90,7.45,8.90,1.24,7.87,3.31,12.63,3.93,2.07,4.55,1.86,2.48,8.28,4.76,8.90,2.90,3.93
Seq_236,6.49,3.37,4.09,5.05,3.37,11.06,3.61,2.40,5.29,7.93,1.44,2.16,12.02,3.85,5.05,11.78,2.40,6.49,0.96,1.20
Seq_237,21.47,3.07,6.75,2.45,5.52,4.29,3.07,2.45,0.00,7.36,4.29,5.52,1.84,3.68,5.52,11.66,0.00,8.59,1.84,0.61
Seq_238,10.37,0.83,7.05,5.39,3.32,5.81,3.32,4.56,2.90,14.11,3.73,2.07,5.39,4.15,7.88,6.22,3.32,5.81,1.24,2.49
Seq_239,2.40,6.65,3.39,8.49,5.23,7.36,7.64,2.12,10.04,5.80,2.12,3.25,2.69,5.80,6.51,8.20,4.67,3.96,0.99,2.69
Seq_240,4.23,0.00,7.04,7.04,2.11,7.04,2.82,11.27,9.86,9.86,3.52,3.52,1.41,2.11,5.63,7.04,3.52,9.15,0.00,2.82
Seq_241,6.72,2.23,5.13,5.13,4.32,6.59,2.41,5.54,5.54,7.72,3.27,4.68,5.41,4.27,4.32,6.86,6.82,7.36,1.45,4.23
Seq_242,6.33,3.35,5.95,4.70,5.51,6.26,1.82,5.37,6.83,8.36,2.41,5.69,3.38,2.76,2.98,6.65,6.04,9.57,1.09,4.95
Seq_243,10.91,0.68,7.16,5.11,3.75,10.57,1.82,2.50,2.27,5.45,1.59,3.98,6.82,2.95,4.55,7.27,7.73,6.82,3.07,5.00
Seq_244,14.88,0.60,3.57,5.36,4.17,10.71,1.19,3.57,6.55,7.14,2.38,4.17,5.36,0.60,0.60,8.33,7.74,11.31,0.00,1.79
Seq_245,7.88,0.91,8.48,8.18,3.94,6.36,3.33,7.58,2.12,6.97,1.52,5.76,5.45,4.24,5.76,6.97,3.64,5.15,0.61,5.15
Seq_246,19.05,1.43,4.29,6.67,4.29,8.10,0.95,4.76,1.90,9.52,2.86,2.86,5.71,0.48,8.10,6.67,3.33,6.67,0.48,1.90
Seq_247,7.25,1.04,5.18,9.33,5.70,4.40,1.81,4.92,9.84,7.25,1.30,4.40,6.22,4.92,5.18,8.03,5.18,5.70,1.04,1.30
Seq_248,4.76,0.00,4.76,5.71,3.81,7.62,3.81,9.52,7.62,7.62,1.90,2.86,6.67,2.86,12.38,3.81,7.62,6.67,0.00,0.00
Seq_249,5.77,0.47,7.80,9.36,4.99,9.83,1.87,7.18,2.96,4.84,1.56,4.99,4.37,4.06,3.43,3.90,6.86,7.33,3.43,4.99
Seq_250,8.31,0.00,4.41,5.76,4.24,8.14,1.36,8.81,5.08,11.02,4.58,3.39,2.88,4.75,4.24,7.63,5.42,6.95,0.68,2.37
Seq_251,15.00,1.00,5.00,6.00,5.50,5.50,0.50,3.50,5.50,7.00,3.50,5.00,3.00,5.50,5.00,6.00,6.00,8.00,1.00,2.50
Seq_252,6.85,4.03,4.84,8.06,2.42,6.05,2.02,4.84,6.85,11.29,2.82,3.23,3.23,4.44,4.84,6.05,6.05,7.66,1.21,3.23
Seq_253,7.43,0.57,4.00,12.00,1.71,6.29,4.57,1.71,11.43,7.43,1.71,5.71,1.71,5.14,6.86,7.43,7.43,4.00,0.57,2.29
Seq_254,9.86,1.41,4.23,7.04,1.41,5.63,4.23,12.68,4.23,5.63,2.82,4.23,4.23,2.82,5.63,9.86,5.63,8.45,0.00,0.00
Seq_255,6.47,1.49,6.72,7.46,2.74,9.20,1.99,5.72,9.20,4.23,3.48,3.98,4.98,1.99,3.98,6.22,5.97,5.22,3.48,5.47
Seq_256,7.41,0.62,11.73,16.05,6.79,8.02,0.62,6.79,6.17,6.17,6.79,3.09,1.23,3.09,3.70,3.70,4.32,3.70,0.00,0.00
Seq_257,9.56,1.66,3.90,9.76,1.95,10.54,2.73,1.17,0.88,13.95,1.56,1.07,8.10,6.15,7.22,5.56,4.78,7.41,0.78,1.27
Seq_258,13.27,0.59,6.19,7.96,6.19,5.90,1.18,4.13,4.72,7.37,3.54,3.24,4.13,7.08,1.18,3.54,8.85,6.19,0.59,4.13
Seq_259,13.43,0.00,6.97,4.98,3.98,7.46,1.49,7.46,5.47,9.45,1.49,2.49,5.47,3.48,3.98,4.48,4.98,8.96,0.50,3.48
Seq_260,5.41,0.68,4.50,5.86,6.76,6.76,1.80,4.73,4.95,15.09,1.80,3.60,8.11,7.66,5.63,4.73,5.41,3.15,1.58,1.80
Seq_261,6.79,1.23,6.17,8.02,5.56,6.17,3.09,6.17,6.17,8.64,1.85,5.56,3.70,2.47,4.94,3.09,6.79,4.94,0.62,8.02
Seq_262,6.07,1.80,5.84,8.09,5.17,7.87,2.25,4.27,3.37,7.19,4.27,5.17,4.49,4.94,4.94,6.52,6.74,6.52,0.90,3.60
Seq_263,7.88,0.00,5.42,10.84,3.94,9.36,2.46,5.42,11.33,6.90,1.97,3.45,3.45,1.97,5.42,1.97,3.45,11.33,1.48,1.97
Seq_264,0.85,0.00,3.42,8.55,8.55,5.98,0.00,5.98,11.97,11.97,0.85,4.27,1.71,0.85,16.24,3.42,3.42,8.55,1.71,1.71
Seq_265,10.88,2.04,4.08,4.76,5.44,5.44,4.76,4.76,6.80,12.24,1.36,4.76,3.40,3.40,4.08,4.76,4.76,8.16,2.72,1.36
Seq_266,6.95,2.16,5.28,3.36,4.56,8.39,3.12,2.16,3.84,5.52,2.16,10.07,12.47,5.28,4.08,8.87,4.80,3.84,0.48,2.64
Seq_267,7.71,2.84,5.27,7.71,4.87,9.13,3.85,4.06,3.85,8.32,3.25,2.43,4.26,2.43,5.88,6.29,5.07,8.72,1.01,3.04
Seq_268,11.00,0.41,6.46,3.58,3.85,8.12,1.51,3.44,6.60,5.64,2.48,5.91,4.40,3.99,2.20,8.39,6.88,5.09,3.30,6.74
Seq_269,4.93,1.97,6.25,11.84,5.26,6.58,1.32,6.25,13.49,8.22,1.64,7.89,1.97,1.32,1.97,5.26,3.29,5.59,0.66,4.28
Seq_270,5.80,0.00,4.97,3.59,3.87,9.67,3.59,6.91,3.59,4.97,1.10,11.05,4.42,3.87,3.31,8.84,6.63,8.01,1.38,4.42
Seq_271,11.97,1.29,3.56,7.44,1.62,9.06,1.62,5.50,4.21,10.03,1.62,3.56,5.18,5.18,4.21,7.44,5.18,9.39,0.32,1.62
Seq_272,7.40,0.27,4.93,9.32,4.93,7.40,3.01,10.14,8.22,10.96,1.92,2.74,2.47,1.64,5.48,6.30,3.56,6.30,0.27,2.74
Seq_273,11.47,0.47,4.96,6.05,2.64,5.58,0.47,3.72,4.34,8.84,3.57,4.81,4.50,6.67,7.60,5.74,5.89,5.12,3.10,4.50
Seq_274,9.16,1.00,5.38,7.97,2.79,8.57,1.79,6.77,4.38,7.17,2.99,3.98,2.79,3.98,6.37,4.18,7.37,7.17,2.59,3.59
Seq_275,6.76,1.71,4.07,6.67,2.92,8.32,2.18,5.99,6.46,9.38,3.72,3.92,4.45,3.24,5.22,5.28,8.02,6.78,2.80,2.09
Seq_276,6.32,1.05,4.56,10.53,2.81,3.51,2.81,5.26,7.72,10.18,2.81,3.51,5.26,3.16,5.61,4.21,5.26,10.88,2.11,2.46
Seq_277,11.50,2.00,8.00,4.00,2.50,6.00,2.50,3.50,4.50,3.50,1.00,2.00,8.50,2.50,6.00,5.50,8.50,10.50,2.00,5.50
Seq_278,7.73,1.33,3.47,8.00,6.67,4.27,4.00,5.07,9.60,12.53,1.60,4.80,3.20,3.73,2.40,8.80,4.27,5.07,0.00,3.47
Seq_279,10.75,1.08,3.76,8.06,3.23,8.60,1.08,4.30,4.84,10.75,1.61,1.61,7.53,5.91,5.91,4.84,2.15,8.60,1.08,4.30
Seq_280,11.98,1.30,7.03,7.03,5.47,7.29,2.60,3.65,3.39,6.77,2.86,3.39,5.21,2.60,6.25,5.21,4.95,6.77,2.34,3.91
Seq_281,3.70,1.06,2.65,3.44,1.59,9.52,5.82,1.32,2.65,3.97,6.08,5.03,10.05,18.25,4.23,5.82,5.03,4.76,0.79,4.23
Seq_282,8.64,1.66,7.31,6.98,4.32,7.31,1.00,8.31,11.30,9.97,2.66,6.64,2.33,0.33,1.33,4.98,4.65,4.32,1.00,4.98
Seq_283,14.84,2.75,6.04,6.59,3.30,9.07,2.20,8.24,3.30,8.52,1.10,2.47,3.85,0.55,7.14,4.40,5.22,8.24,0.27,1.92
Seq_284,11.11,0.00,3.03,5.56,3.03,13.64,1.52,4.04,3.54,6.57,3.54,1.01,4.55,6.06,3.54,6.06,9.60,8.08,1.01,4.55
Seq_285,6.31,9.91,2.70,2.70,4.50,9.91,2.70,5.41,2.70,7.21,1.80,3.60,9.01,8.11,5.41,4.50,3.60,6.31,0.00,3.60
Seq_286,7.62,0.86,7.37,9.83,4.79,6.14,1.84,5.04,6.51,6.27,1.97,3.32,6.27,4.79,5.41,6.27,4.30,6.51,2.58,2.33
Seq_287,7.38,3.69,4.77,5.86,3.90,7.16,2.60,2.82,5.86,13.45,2.60,2.60,8.89,6.51,5.21,3.69,3.47,5.21,0.43,3.90
Seq_288,15.34,0.00,5.79,6.73,1.25,5.63,0.78,5.32,2.66,10.80,2.66,3.44,0.63,8.45,7.20,8.29,6.42,6.89,0.47,1.25
Seq_289,5.56,1.39,4.63,7.41,7.41,4.17,3.70,6.02,7.41,9.26,3.24,4.63,5.09,4.63,3.70,6.94,5.09,4.63,1.39,3.70
Seq_290,3.10,0.00,3.10,10.85,1.55,5.43,0.78,8.53,6.20,9.30,3.10,6.98,3.10,8.53,6.98,5.43,5.43,5.43,1.55,4.65
Seq_291,5.96,0.46,5.05,7.80,4.59,5.96,3.67,4.13,5.50,11.01,2.29,2.29,4.59,6.88,9.17,6.42,3.21,5.50,2.75,2.75
Seq_292,13.93,1.99,4.48,1.99,4.48,13.43,1.49,1.99,2.99,6.97,2.49,1.49,1.99,4.98,4.48,7.96,8.96,8.46,1.49,3.98
Seq_293,6.59,1.28,4.76,2.75,5.68,8.79,1.65,4.58,1.65,8.79,2.75,5.86,10.07,5.13,4.03,7.69,6.78,8.06,1.10,2.01
Seq_294,9.19,2.71,4.97,6.02,3.46,9.79,3.31,3.92,3.92,8.43,2.26,3.01,3.92,3.92,7.08,6.33,5.72,7.53,0.90,3.61
Seq_295,4.48,3.48,6.47,3.48,2.49,3.48,3.48,5.97,8.96,9.45,3.98,9.45,3.48,4.98,2.99,6.47,4.98,6.97,1.00,3.98
Seq_296,5.37,1.24,5.58,8.06,3.93,7.85,3.51,5.17,3.10,10.12,1.65,2.48,9.50,4.13,5.79,7.64,5.99,4.75,1.86,2.27
Seq_297,9.82,0.22,7.28,6.40,4.64,8.06,1.88,6.18,7.84,7.28,1.43,5.74,4.08,2.65,2.98,5.19,5.96,7.51,1.21,3.64
Seq_298,7.03,0.39,5.86,9.77,6.64,9.77,1.95,9.38,5.86,6.25,2.34,5.47,1.95,0.39,6.25,4.69,3.52,9.38,1.56,1.56
Seq_299,8.78,3.41,4.78,6.15,4.10,8.00,1.27,6.73,6.63,8.39,2.24,3.61,6.15,3.61,3.90,6.73,5.76,6.34,1.07,2.34
Seq_300,11.03,1.38,6.90,8.97,6.21,6.90,2.76,2.76,1.38,19.31,2.07,2.07,1.38,4.14,6.90,4.14,3.45,6.21,1.38,0.69
Seq_301,10.02,0.00,5.73,4.77,4.53,10.02,1.19,7.16,4.77,8.11,1.19,3.34,5.97,3.58,5.49,4.30,5.97,9.07,2.39,2.39
Seq_302,7.27,1.36,5.91,5.00,1.82,5.91,3.64,7.73,4.09,9.09,5.00,3.64,6.36,1.82,6.82,5.00,6.82,5.45,2.73,4.55
Seq_303,14.53,0.00,6.15,5.59,3.91,6.70,2.23,2.79,3.35,9.50,1.68,2.23,7.82,6.15,5.03,4.47,3.35,10.06,2.23,2.23
Seq_304,3.78,2.10,7.56,7.98,5.46,2.52,3.36,10.50,7.56,7.56,2.94,6.72,2.10,2.94,5.46,6.72,4.62,5.88,0.00,4.20
Seq_305,12.39,1.47,5.31,7.96,3.54,8.26,1.77,6.49,5.01,8.55,3.54,2.65,2.95,4.42,5.90,4.72,6.78,5.31,0.00,2.95
Seq_306,7.30,1.46,4.38,8.76,2.92,8.03,4.74,6.57,3.28,12.04,1.09,4.01,6.57,4.38,6.57,6.20,2.19,4.74,0.73,4.01
Seq_307,16.88,1.02,5.12,6.39,1.53,11.00,2.30,3.07,1.02,8.44,2.30,0.77,7.42,2.05,8.70,3.58,5.88,8.18,2.30,2.05
Seq_308,12.85,1.87,1.87,3.04,5.37,14.02,1.87,8.41,2.57,11.21,3.27,3.50,2.34,1.40,2.10,3.74,5.14,10.75,2.10,2.57
Seq_309,19.52,0.43,5.41,7.55,1.85,7.98,2.14,2.14,1.14,14.25,1.00,1.42,4.56,4.84,9.83,3.42,3.99,7.41,0.43,0.71
Seq_310,6.61,4.70,5.18,6.14,2.79,8.05,2.79,3.51,3.11,11.00,1.83,3.27,8.69,4.94,5.66,5.82,5.34,6.61,1.20,2.79
Seq_311,10.32,0.00,2.38,5.56,1.59,5.56,2.38,4.76,15.87,4.76,2.38,2.38,4.76,2.38,6.35,11.11,6.35,7.14,0.00,3.97
Seq_312,11.46,0.86,4.87,5.44,3.72,9.17,3.15,6.30,3.44,7.16,3.72,4.01,4.87,5.44,4.58,5.73,4.58,6.88,0.57,4.01
Seq_313,8.12,0.62,11.88,16.25,6.25,8.12,0.62,6.25,5.62,5.62,6.88,1.88,0.62,3.12,4.38,4.38,3.75,4.38,0.00,1.25
Seq_314,12.35,0.48,6.54,8.23,3.87,6.54,2.18,4.84,5.81,8.47,2.91,6.30,4.36,2.66,3.39,5.33,4.36,7.51,1.69,2.18
Seq_315,10.20,0.82,8.16,6.94,2.04,8.57,0.82,6.12,7.35,12.24,3.27,2.45,5.31,0.82,3.67,4.08,4.49,10.20,0.41,2.04
Seq_316,12.81,1.56,9.06,2.81,2.81,9.06,3.44,5.94,2.19,9.69,1.25,2.50,5.31,2.19,5.62,5.31,5.00,7.50,1.88,4.06
Seq_317,6.32,3.72,4.09,0.74,0.74,10.78,2.23,4.83,2.60,10.78,0.74,7.06,4.83,5.58,3.35,11.15,5.20,8.55,3.72,2.97
Seq_318,5.37,0.22,5.82,3.36,6.04,14.54,2.46,10.07,6.71,3.80,0.45,4.92,4.47,0.89,1.12,10.74,6.49,6.04,1.79,4.70
Seq_319,12.28,0.00,5.92,6.36,3.07,8.11,2.85,6.58,7.24,7.24,1.32,4.61,4.39,3.29,3.29,6.36,6.80,6.80,0.22,3.29
Seq_320,14.83,0.00,4.70,6.15,2.53,5.42,1.45,4.70,2.17,9.40,3.62,5.24,1.27,7.78,5.79,8.68,6.33,7.78,0.72,1.45
Seq_321,4.94,0.82,6.58,9.88,4.94,8.23,2.88,9.47,9.47,9.47,2.88,3.70,3.70,0.82,4.12,2.47,4.53,7.41,0.82,2.88
Seq_322,8.71,0.40,5.74,8.91,2.57,8.91,1.39,7.52,4.95,8.91,2.77,2.38,4.95,4.75,5.74,4.75,4.95,8.32,0.00,3.37
Seq_323,7.16,0.53,7.16,9.55,2.39,3.18,2.39,5.57,3.98,9.81,1.59,5.04,6.90,6.90,6.63,5.84,2.12,5.84,2.65,4.77
Seq_324,14.41,0.90,6.31,5.41,5.86,4.95,0.90,5.86,12.61,7.21,1.80,1.80,3.60,2.25,0.90,7.21,5.41,6.31,0.90,5.41
Seq_325,8.13,3.25,7.05,7.59,4.34,5.15,1.36,4.07,6.50,8.67,2.44,4.34,2.71,3.79,5.15,7.32,7.32,6.23,1.36,3.25
Seq_326,5.47,1.56,7.81,9.38,3.12,7.03,3.12,5.47,10.16,7.81,3.12,4.69,3.12,3.91,2.34,3.91,3.12,9.38,2.34,3.12
Seq_327,12.73,0.45,7.50,5.45,3.64,8.86,1.36,6.14,5.00,8.18,4.55,2.73,3.41,2.50,5.45,5.23,6.59,7.73,0.45,2.05
Seq_328,6.08,0.00,6.46,7.22,4.94,6.08,2.66,3.04,9.51,10.27,3.42,5.32,2.28,4.18,5.32,6.46,6.46,4.94,1.52,3.80
Seq_329,8.35,0.00,6.72,3.99,4.36,9.44,2.00,4.54,6.72,7.26,1.09,6.53,3.09,4.72,2.54,6.35,7.26,7.62,0.91,6.53
Seq_330,9.33,1.56,4.44,5.33,4.00,6.44,3.11,6.22,5.11,7.78,2.44,4.44,5.11,3.11,4.67,8.44,6.67,7.56,1.56,2.67
Seq_331,9.01,2.58,5.15,5.15,4.72,6.87,2.58,8.58,7.30,11.16,4.72,3.86,2.58,2.15,3.43,7.30,5.58,3.43,0.00,3.86
Seq_332,5.72,1.10,6.02,7.93,3.71,6.33,1.51,5.22,8.03,7.93,2.21,4.42,6.83,4.42,6.02,7.43,6.12,6.02,1.00,2.01
Seq_333,20.77,0.00,2.42,8.70,3.38,11.11,2.42,0.48,4.35,16.91,0.97,0.00,5.31,0.97,8.21,1.45,1.93,8.21,0.48,1.93
Seq_334,8.36,0.56,8.64,7.52,6.13,7.24,2.79,5.01,3.06,8.91,3.34,4.46,3.06,1.95,6.41,4.18,9.19,5.57,0.56,3.06
Seq_335,8.97,0.69,2.76,12.41,3.45,2.07,3.45,6.21,10.34,12.41,2.07,3.45,1.38,6.90,1.38,7.59,8.28,4.83,0.69,0.69
Seq_336,4.41,0.89,5.41,8.54,1.90,4.69,2.34,3.79,12.61,4.41,1.23,4.52,8.82,3.12,6.98,12.95,5.92,4.24,0.28,2.96
Seq_337,12.06,0.71,2.84,9.93,4.96,7.09,1.42,8.51,6.38,5.67,3.55,4.96,3.55,2.84,4.26,4.96,5.67,7.80,0.00,2.84
Seq_338,6.36,1.46,1.02,5.05,1.32,3.29,0.37,2.34,2.19,2.12,0.37,2.63,10.46,1.46,0.15,25.38,24.73,7.02,0.59,1.68
Seq_339,2.18,1.16,5.80,6.83,3.48,3.07,1.77,6.69,9.28,5.87,4.64,24.23,2.46,2.39,2.59,5.46,4.44,3.21,0.41,4.03
Seq_340,7.41,0.93,6.48,6.94,3.24,5.09,1.85,6.94,5.56,7.41,1.85,6.02,2.78,3.70,6.94,7.41,6.94,7.87,0.93,3.70
Seq_341,9.34,0.49,6.39,3.19,4.91,10.32,1.23,3.69,4.42,7.62,0.25,4.42,4.42,4.67,1.97,13.02,7.37,7.62,1.23,3.44
Seq_342,7.72,0.00,4.56,6.32,5.96,5.26,2.81,3.86,8.77,9.82,2.46,5.26,5.61,5.26,1.40,4.91,11.23,6.32,0.00,2.46
Seq_343,10.76,2.62,6.69,7.27,2.62,10.76,1.16,7.56,2.91,7.85,2.33,4.36,5.52,2.03,4.65,7.56,3.20,5.23,1.16,3.78
Seq_344,9.67,1.66,5.52,6.91,1.93,7.46,2.49,2.76,2.49,8.01,1.38,1.93,4.97,5.52,8.01,7.46,8.01,7.18,2.76,3.87
Seq_345,5.73,0.52,3.12,4.17,8.33,9.38,3.65,8.33,3.12,15.10,3.65,3.65,2.08,3.12,2.08,6.25,3.12,7.81,1.56,5.21
Seq_346,10.00,0.80,4.40,6.80,4.80,5.20,1.60,3.20,6.40,8.40,1.60,4.40,7.20,4.00,6.80,7.60,4.40,5.20,1.60,5.60
Seq_347,4.82,1.20,7.53,6.33,3.61,4.82,3.61,5.72,8.43,10.84,2.41,5.12,3.92,3.61,6.33,3.31,2.71,7.53,1.51,6.63
Seq_348,6.77,0.75,5.64,6.39,5.64,7.71,1.88,5.26,6.58,9.40,2.44,3.57,4.70,3.95,4.32,7.71,5.26,6.77,2.07,3.20
Seq_349,11.68,0.00,8.38,6.85,5.58,9.39,2.79,3.55,5.08,10.91,1.27,3.30,4.57,3.30,5.84,3.55,4.57,5.08,1.27,3.05
Seq_350,5.19,2.36,4.48,10.14,4.01,4.72,3.54,5.90,7.31,9.43,1.65,2.59,6.37,5.66,4.95,6.84,5.66,6.60,0.24,2.36
Seq_351,9.66,2.07,6.21,3.45,2.07,9.66,3.45,3.45,1.38,12.41,2.76,2.76,3.45,3.45,7.59,9.66,5.52,7.59,1.38,2.07
Seq_352,5.43,2.33,3.88,2.71,9.69,10.47,1.94,7.36,5.04,13.95,1.16,4.65,2.71,1.16,1.55,7.36,5.04,8.53,1.55,3.49
Seq_353,7.99,1.36,8.16,6.29,6.46,6.12,3.74,4.08,5.27,9.01,2.21,3.40,5.95,2.72,5.95,2.89,4.93,5.78,2.55,5.10
Seq_354,14.69,0.00,3.79,8.53,6.64,8.06,1.42,4.27,6.16,5.21,2.84,7.11,3.79,2.84,1.90,1.90,6.64,9.48,0.95,3.79
Seq_355,6.74,4.15,5.44,6.48,2.85,7.77,4.15,5.18,5.70,6.74,2.33,3.11,5.44,3.63,5.70,5.70,6.48,6.99,1.55,3.89
Seq_356,8.40,2.10,6.68,5.53,4.20,5.92,3.05,3.05,9.16,6.49,3.63,3.82,5.73,4.96,4.39,4.39,6.11,5.34,2.29,4.77
Seq_357,18.06,0.00,6.25,5.56,5.56,4.17,1.39,2.78,9.72,9.03,0.69,2.08,3.47,3.47,1.39,7.64,4.86,10.42,1.39,2.08
Seq_358,6.07,1.21,7.69,7.29,4.86,6.48,3.64,6.48,6.07,9.31,2.02,7.29,1.21,6.07,3.64,4.05,6.07,6.88,0.40,3.24
Seq_359,6.32,2.87,7.47,6.32,5.17,7.47,5.75,2.87,2.30,9.20,1.15,2.87,8.62,4.02,8.62,3.45,2.30,7.47,2.30,3.45
Seq_360,5.01,0.68,5.47,10.02,4.33,5.47,2.05,7.06,9.57,7.06,3.42,6.15,4.56,3.64,5.01,3.42,5.47,5.92,0.68,5.01
Seq_361,4.81,2.59,6.30,5.93,2.96,9.26,1.85,8.52,12.22,7.78,1.11,6.67,1.85,2.22,2.59,5.56,4.44,7.41,0.37,5.56
Seq_362,7.54,1.16,3.48,13.33,2.03,6.09,1.45,3.19,7.25,9.28,2.03,2.03,5.22,6.67,9.86,7.25,6.67,5.22,0.29,0.00
Seq_363,6.80,0.40,6.40,6.00,2.00,8.00,3.60,7.20,7.20,11.60,1.60,4.00,4.40,2.00,1.60,8.80,5.60,6.80,2.00,4.00
Seq_364,9.82,1.15,4.42,5.24,1.80,8.02,1.96,5.89,3.76,10.47,2.45,4.42,6.38,4.42,5.07,4.75,7.04,8.84,1.15,2.95
Seq_365,5.51,2.12,6.78,8.05,5.23,5.08,2.68,4.24,8.90,10.03,3.25,4.80,4.38,4.10,3.81,6.64,4.38,4.80,1.69,3.53
Seq_366,8.49,2.83,6.60,4.72,1.89,0.00,2.83,14.15,4.72,7.55,0.94,11.32,3.77,2.83,0.94,3.77,12.26,3.77,1.89,4.72
